0
2282
2286
2286
2281
2278
2278
2279
2285
2282
2287
2287
2280
2279
1304
1180
1294
1415
1334
852
918
977
1036
842
891
1033
1044
995
1200
1195
1173
1191
1172
1354
1313
1290
1231
1428
1424
1570
1459
1578
1490
1548
1517
1464
1586
1536
1536
1500
1660
1640
1568
1687
1606
1661
1716
1781
1776
1845
1703
1757
1823
2038
2045
1912
1948
1802
1894
1912
1892
1568
1951
1886
1993
1856
2041
1918
1900
1982
2046
2008
2002
1959
2050
2047
2077
2056
2116
2043
2090
2061
1930
2063
2059
2091
2054
2121
2096
2126
2115
2041
2104
1641
2025
2123
2152
2103
2035
2034
2108
2107
2128
2155
2121
2122
2157
2132
2133
2151
2105
2126
2143
2142
2130
2166
1936
2093
2132
2150
2179
2159
2142
2268
2285
2275
2283
2282
2280
2285
2278
2274
2276
2324
2388
2390
2396
2385
2384
2382
2396
2386
2387
2383
2385
2385
2387
2383
2387
2383
2386
2386
2389
2384
2394
2384
2385
2385
2389
168948166332
