0
2285
2284
2285
2278
2289
2282
2280
2278
2281
2279
2285
2282
2285
1266
1216
1332
1388
1169
1224
1146
1267
1239
1271
1353
1212
1426
1502
1380
1395
1572
1550
1508
1586
1675
1646
1616
1618
1643
1684
1722
1623
1672
1727
1806
1716
1725
1844
1917
1932
1953
2058
2051
2077
2064
2114
2113
2165
2178
2145
2129
2034
2108
1967
1452
2032
1959
2055
1943
1934
2017
2033
2043
2120
2007
2081
2124
2094
2116
2071
2100
2018
2101
2084
2047
1922
2082
1792
1991
2117
2111
2070
2096
2085
1983
2088
2036
2077
2101
1988
2140
2116
2138
2163
2158
2141
2150
2153
2162
2199
2148
2159
2112
2157
2120
2118
2136
2125
2096
2130
2001
2120
2065
2101
2100
2120
2113
2126
2097
2270
2179
2267
2281
2276
2276
2281
2287
2277
2282
2275
2283
2280
2281
2282
2285
2288
2283
2284
2274
2284
2279
2272
2277
2283
2279
2273
2272
2286
2276
2291
2291
2275
2284
162999931366
